3.png 132.7
00001.png  21000
00002.png  21000
00004.png  214.80
00005.png  31000
00006.png  31000
00007.png  41000
00008.png  51000
00009.png  105.30
00010.png  122.20
00011.png  125.30
00012.png  11.60
00013.png  15000
00014.png  2000
00015.png  13000
00016.png  225.30
00017.png  231.60
00018.png  10000
00017.png  231.60
00014.png  2000
3.png 132.7
00012.png  11.6000000001 44
00000000 .1
00000023 81
00000024 7.
00000025 21
00000026 .6
00000027 42
00000027 01
00000028 48
00000030 29
00000031 79
00000032 13
00000033 98
00000035 83
00000034 91
00000036 54
00000037 66
00000038 02
00000039 44
00000041 0.
00000040 3.
00000043 27
00000042 34
00000044 97
00000045 92
00000046 07
00000047 24
00000048 20
